O 0.0 0.0 0.0
H 0.8 0.0 0.0
H -0.23986404388415505 0.9274854394822272 0.0


O 0.0 0.0 0.0
H 0.9 0.0 0.0
H -0.23986404388415505 0.9274854394822272 0.0


O 0.0 0.0 0.0
H 1.0 0.0 0.0
H -0.23986404388415505 0.9274854394822272 0.0


O 0.0 0.0 0.0
H 1.2 0.0 0.0
H -0.23986404388415505 0.9274854394822272 0.0


O 0.0 0.0 0.0
H 1.4 0.0 0.0
H -0.23986404388415505 0.9274854394822272 0.0


O 0.0 0.0 0.0
H 1.6 0.0 0.0
H -0.23986404388415505 0.9274854394822272 0.0


O 0.0 0.0 0.0
H 1.8 0.0 0.0
H -0.23986404388415505 0.9274854394822272 0.0


O 0.0 0.0 0.0
H 2.0 0.0 0.0
H -0.23986404388415505 0.9274854394822272 0.0


O 0.0 0.0 0.0
H 2.2 0.0 0.0
H -0.23986404388415505 0.9274854394822272 0.0


O 0.0 0.0 0.0
H 2.4 0.0 0.0
H -0.23986404388415505 0.9274854394822272 0.0


O 0.0 0.0 0.0
H 2.6 0.0 0.0
H -0.23986404388415505 0.9274854394822272 0.0


O 0.0 0.0 0.0
H 2.8 0.0 0.0
H -0.23986404388415505 0.9274854394822272 0.0


O 0.0 0.0 0.0
H 3.2 0.0 0.0
H -0.23986404388415505 0.9274854394822272 0.0


O 0.0 0.0 0.0
H 3.6 0.0 0.0
H -0.23986404388415505 0.9274854394822272 0.0


O 0.0 0.0 0.0
H 4.0 0.0 0.0
H -0.23986404388415505 0.9274854394822272 0.0


