He 0.0 0.0 0.0
H 0.55 0.0 0.0


He 0.0 0.0 0.0
H 0.6 0.0 0.0


He 0.0 0.0 0.0
H 0.65 0.0 0.0


He 0.0 0.0 0.0
H 0.7 0.0 0.0


He 0.0 0.0 0.0
H 0.75 0.0 0.0


He 0.0 0.0 0.0
H 0.8 0.0 0.0


He 0.0 0.0 0.0
H 0.9 0.0 0.0


He 0.0 0.0 0.0
H 1.0 0.0 0.0


He 0.0 0.0 0.0
H 1.01 0.0 0.0


He 0.0 0.0 0.0
H 1.1 0.0 0.0


He 0.0 0.0 0.0
H 1.2 0.0 0.0


He 0.0 0.0 0.0
H 1.3 0.0 0.0


He 0.0 0.0 0.0
H 1.4 0.0 0.0


He 0.0 0.0 0.0
H 1.5 0.0 0.0


He 0.0 0.0 0.0
H 1.6 0.0 0.0


He 0.0 0.0 0.0
H 1.7 0.0 0.0


He 0.0 0.0 0.0
H 1.8 0.0 0.0


He 0.0 0.0 0.0
H 1.9 0.0 0.0


He 0.0 0.0 0.0
H 2.0 0.0 0.0


