N 0 0 0
H 0.49839333956862492 0 0.49153237845907283
H -0.57846155453761638 -0.82110068428037042 0
H -0.57846155453761638 0.82110068428037042 0


N 0 0 0
H 0.52107121572412352 0 0.60702947880954183
H -0.58832159841157172 -0.81829829156486256 0
H -0.58832159841157172 0.81829829156486256 0


N 0 0 0
H 0.52810677578922482 0 0.72876829882035177
H -0.59646247499014726 -0.81607458544383338 0
H -0.59646247499014726 0.81607458544383338 0


N 0 0 0
H 0.51965679716325264 0 0.85437510097265246
H -0.60326474084905723 -0.81442065013693632 0
H -0.60326474084905723 0.81442065013693632 0


N 0 0 0
H 0.51737747694889502 0 0.87254106284231447
H -0.60415316408467412 -0.81423114928749696 0
H -0.60415316408467412 0.81423114928749696 0


N 0 0 0
H 0.49727625332336167 0 0.98118108822004924
H -0.60898647685276308 -0.81326788256076121 0
H -0.60898647685276308 0.81326788256076121 0


N 0 0 0
H 0.46402132948798935 0 1.1066545105769003
H -0.61376455480392034 -0.8124442579595943 0
H -0.61376455480392034 0.8124442579595943 0


N 0 0 0
H 0.42188206792527744 0 1.2296404030297199
H -0.6177432397721162 -0.81185793158650066 0
H -0.6177432397721162 0.81185793158650066 0


N 0 0 0
H 0.3726367576369336 0 1.3494968865684105
H -0.62104356125930671 -0.81144156493586028 0
H -0.62104356125930671 0.81144156493586028 0


N 0 0 0
H 0.31793890055842888 0 1.465917751960081
H -0.62377673967708747 -0.81114342585645338 0
H -0.62377673967708747 0.81114342585645338 0


N 0 0 0
H 0.26103580888096184 0 1.5785627344143984
H -0.62594939580758724 -0.81082446736806313 0
H -0.62594939580758724 0.81082446736806313 0


N 0 0 0
H 0.20247445991503271 0 1.6878993136683584
H -0.6277307022004629 -0.81057160475358114 0
H -0.6277307022004629 0.81057160475358114 0


N 0 0 0
H 0.14307589296396184 0 1.7943046811655388
H -0.62913353606136524 -0.81029474745341756 0
H -0.62913353606136524 0.81029474745341756 0


N 0 0 0
H 0.086411184739789371 0 1.8980340110629907
H -0.63026965298606352 -0.81006076215850309 0
H -0.63026965298606352 0.81006076215850309 0


N 0 0 0
H 0.031861293843769664 0 1.9997461983848352
H -0.63114146985359454 -0.80980053458012624 0
H -0.63114146985359454 0.80980053458012624 0


N 0 0 0
H 2.9120892931728498e-06 0 2.1999999999980728
H -0.63234552302350655 -0.80928856913793346 0
H -0.63234552302350655 0.80928856913793346 0


N 0 0 0
H 1.5919690114204192e-07 0 2.3999999999999946
H -0.63308634035597711 -0.80887580578788931 0
H -0.63308634035597711 0.80887580578788931 0


N 0 0 0
H 3.5694942760898006e-08 0 2.5999999999999996
H -0.633478330670045 -0.80847623102535759 0
H -0.633478330670045 0.80847623102535759 0


N 0 0 0
H 7.7053835515974446e-07 0 2.7999999999998937
H -0.63381645688435151 -0.80827597466709 0
H -0.63381645688435151 0.80827597466709 0


N 0 0 0
H 1.2685023620011843e-06 0 2.9999999999997318
H -0.6339982676513628 -0.80812536514560729 0
H -0.6339982676513628 0.80812536514560729 0


N 0 0 0
H 1.2685023620011843e-06 0 3.25
H -0.6339982676513628 -0.80812536514560729 0
H -0.6339982676513628 0.80812536514560729 0


N 0 0 0
H 1.2685023620011843e-06 0 3.5
H -0.6339982676513628 -0.80812536514560729 0
H -0.6339982676513628 0.80812536514560729 0


N 0 0 0
H 1.2685023620011843e-06 0 3.75
H -0.6339982676513628 -0.80812536514560729 0
H -0.6339982676513628 0.80812536514560729 0


N 0 0 0
H 1.2685023620011843e-06 0 4
H -0.6339982676513628 -0.80812536514560729 0
H -0.6339982676513628 0.80812536514560729 0


N 0 0 0
H 1.2685023620011843e-06 0 5
H -0.6339982676513628 -0.80812536514560729 0
H -0.6339982676513628 0.80812536514560729 0
